0.0132 0 0 0 0 0 0 0 0 0.9868 0
0.00856 0 0 0 0 0 0 0 0 0.99144 0
0.00583 0 0 0 0 0 0 0 0 0.99417 0
0.99991 0 0 0 0 0 0 0 0 9e-05 0
0.00127 0 0 0 0 0 0 0 0 0.99873 0
0.00391 0 0 0 0 0 0 0 0 0.99609 0
0.03424 0 0 0 0 0 0 0 0 0.96576 0
0.00351 0 0 0 0 0 0 0 0 0.99649 0
0.71425 0 0 0 0 0 0 0 0 0.28575 0
0.12824 0 0 0 0 0 0 0 0 0.87176 0
0.41562 0 0 0 0 0 0 0 0 0.58438 0
0.13891 0 0 0 0 0 0 0 0 0.86109 0
0.87161 0 0 0 0 0 0 0 0 0.12839 0
0.63885 0 0 0 0 0 0 0 0 0.36115 0
0.04756 0 0 0 0 0 0 0 0 0.95244 0
0.84441 0 0 0 0 0 0 0 0 0.15559 0
0.98983 0 0 0 0 0 0 0 0 0.01017 0
0.10919 0 0 0 0 0 0 0 0 0.89081 0
0.06499 0 0 0 0 0 0 0 0 0.93501 0
0 0 0 0.99716 0 0 0 0 0 0.00284 0
0 0 0 1 0 0 0 0 0 0 0
7e-05 0 0 0.00521 0 0 0 0 0 0.99472 0
0.00011 0 0 0.00369 0 0 0 0 0 0.99619 0
0 0 0 0.99999 0 0 0 0 0 1e-05 0
0 0 0 1 0 0 0 0 0 0 0
0 0 0 0 0 1 0 0 0 0 0
0 0 0 0 0 1 0 0 0 0 0
0 0 0 0 0 1 0 0 0 0 0
0 0 0 0 0 1 0 0 0 0 0
0 0 0 0 0 1 0 0 0 0 0
0 0 0 0 0 1 0 0 0 0 0
0.0015 0 0 0 0 0 0 0 0 0.9985 0
0.07308 0 0 0 0 0 0 0 0 0.92692 0
0.0105 0 0 0 0 0 0 0 0 0.9895 0
0.00569 0 0 0 0 0 0 0 0 0.99431 0
0.01108 0 0 0 0 0 0 0 0 0.98892 0
0.02006 0 0 0 0 0 0 0 0 0.97994 0
0.02425 0 0 0 0 0 0 0 0 0.97575 0
0 0 0 0.99985 0 0 0 0 0 0.00015 0
0.00597 0 0 0 0 0 0 0 0 0.99403 0
0.00592 0 0 0 0 0 0 0 0 0.99408 0
0.08453 0 0 0 0 0 0 0 0 0.91547 0
0.02928 0 0 0 0 0 0 0 0 0.97072 0
0.07009 0 0 0 0 0 0 0 0 0.92991 0
0.69699 0 0 0 0 0 0 0 0 0.30301 0
0.01296 0 0 0 0 0 0 0 0 0.98704 0
0.04081 0 0 0 0 0 0 0 0 0.95919 0
0.00993 0 0 0 0 0 0 0 0 0.99007 0
0.00704 0 0 0 0 0 0 0 0 0.99296 0
0 0 0 1 0 0 0 0 0 0 0
0.00027 0 0 0.05789 0 0 0 0 0 0.94184 0
0.02633 0 0 1e-05 0 0 0 0 0 0.97366 0
0.00573 0 0 0.00031 0 0 0 0 0 0.99396 0
0.99347 0 0 0 0 0 0 0 0 0.00653 0
0 0 0 0 0 0 1 0 0 0 0
0 0 0 0 0 0 1 0 0 0 0
0 0 0 0 0 0 1 0 0 0 0
0 0 0 0 0 0 1 0 0 0 0
0 0 0 0 0 0 1 0 0 0 0
0 0 0 0 0 0 1 0 0 0 0
0 0 0 0 0 0 1 0 0 0 0
0 0 0 0 0 0 1 0 0 0 0
0 0 0 0 0 0 1 0 0 0 0
0 0 0 0 0 0 1 0 0 0 0
0 0 0 0 0 0 1 0 0 0 0
0 0 0 0 0 0 1 0 0 0 0
0 0 0 0 0 0 1 0 0 0 0
0 0 0 0 0 0 1 0 0 0 0
0 0 0 0 0 0 1 0 0 0 0
0 0 0 0 0 0 1 0 0 0 0
0 0 0 0 0 0 1 0 0 0 0
0 0 0 0 0 0 1 0 0 0 0
0 0 0 0 0 0 1 0 0 0 0
0 0 0 0 0 0 1 0 0 0 0
0 0 0 0 0 0 1 0 0 0 0
0 0 0 0 0 0 1 0 0 0 0
0 0 0 0 0 0 1 0 0 0 0
0 0 0 0 0 0 1 0 0 0 0
0 0 0 0 0 0 1 0 0 0 0
0 0 0 0 0 0 1 0 0 0 0
0 0 1 0 0 0 0 0 0 0 0
0 0 1 0 0 0 0 0 0 0 0
0 0 1 0 0 0 0 0 0 0 0
0 0 1 0 0 0 0 0 0 0 0
0 0 1 0 0 0 0 0 0 0 0
0 0 1 0 0 0 0 0 0 0 0
0 0 1 0 0 0 0 0 0 0 0
0 0 1 0 0 0 0 0 0 0 0
0 0 0 0 1 0 0 0 0 0 0
0 0 0 0 1 0 0 0 0 0 0
0 0 0 0 1 0 0 0 0 0 0
0 0 0 0 1 0 0 0 0 0 0
0 0 0 0 1 0 0 0 0 0 0
0 0 0 0 1 0 0 0 0 0 0
0 0 0 0 1 0 0 0 0 0 0
0 0 0 0 1 0 0 0 0 0 0
0 0 0 0 1 0 0 0 0 0 0
0 0 0 0 1 0 0 0 0 0 0
0 0 0 0 1 0 0 0 0 0 0
0 1 0 0 0 0 0 0 0 0 0
0 1 0 0 0 0 0 0 0 0 0
0 1 0 0 0 0 0 0 0 0 0
0 1 0 0 0 0 0 0 0 0 0
0 1 0 0 0 0 0 0 0 0 0
0 1 0 0 0 0 0 0 0 0 0
0 1 0 0 0 0 0 0 0 0 0
0 1 0 0 0 0 0 0 0 0 0
0 1 0 0 0 0 0 0 0 0 0
0 0 0 0 1 0 0 0 0 0 0
0 0 0 0 1 0 0 0 0 0 0
0 0 0 0 1 0 0 0 0 0 0
0 0 0 0 1 0 0 0 0 0 0
0 0 0 0 0.99997 0 0 3e-05 0 0 0
0 0 0 0 1 0 0 0 0 0 0
0 0 0 0 1 0 0 0 0 0 0
0 0 0 0 0.99997 0 0 3e-05 0 0 0
0 0 0 0 0 0 0 0 1 0 0
0 0 0 0 0 0 0 0 1 0 0
0 0 0 0 0 0 0 0 1 0 0
0 0 0 0 0 0 0 0 1 0 0
0 0 0 0 0 0 0 0 1 0 0
0 0 0 0 0 0 0 0 1 0 0
0 0 0 0 0 0 0 0 1 0 0
0 0 0 0 0 0 0 0 1 0 0
0 0 0 0 0 0 0 0 1 0 0
0 0 0 0 3e-05 0 0 0 0.99997 0 0
0 0 0 0 0 0 0 0 1 0 0
0 0 0 0 0 0 0 0 1 0 0
0 0 0 0 0 0 0 0 1 0 0
0 0 0 0 1 0 0 0 0 0 0
0 0 0 0 1 0 0 0 0 0 0
0 0 0 0 1 0 0 0 0 0 0
0 0 0 0 1 0 0 0 0 0 0
0 0 0 0 1 0 0 0 0 0 0
0 0 0 0 1 0 0 0 0 0 0
0 0 0 0 1 0 0 0 0 0 0
0 0 0 0 0.99977 0 0 0.00023 0 0 0
0 0 0 0 0 0 0 0 0 0 1
0 0 0 0 0 0 0 0 0 0 1
0 0 0 0 0 0 0 0 0 0 1
0 0 0 0 0 0 0 0 0 0 1
0 0 0 0 0 0 0 0 0 0 1
0 0 0 0 0 0 0 0 0 0 1
0 0 0 0 0 0 0 0 0 0 1
0 0 0 0 0 0 0 1 0 0 0
0 0 0 0 0.00073 0 0 0.99927 0 0 0
0 0 0 0 5e-04 0 0 0.9995 0 0 0
0 0 0 0 0.99998 0 0 2e-05 0 0 0
0 0 0 0 1 0 0 0 0 0 0
0 0 0 0 1 0 0 0 0 0 0
0 0 0 0 1 0 0 0 0 0 0
0 0 0 0 1 0 0 0 0 0 0
0 0 0 0 0.99998 0 0 2e-05 0 0 0
0 0 0 0 0.01542 0 0 0.98458 0 0 0
0 0 0 0 1 0 0 0 0 0 0
0 0 0 0 1 0 0 0 0 0 0
0 0 0 0 0.99992 0 0 8e-05 0 0 0
0 0 0 0 0.99993 0 0 7e-05 0 0 0
0 0 0 0 0.97221 0 0 0.02779 0 0 0
